0.000000000000000000e+00 2.075999999998943224e+01
5.000000000000000278e-02 2.159999999998969855e+01
1.000000000000000056e-01 2.281999999999093731e+01
1.500000000000000222e-01 2.411999999999203226e+01
2.000000000000000111e-01 2.579999999999403926e+01
2.500000000000000000e-01 2.755999999999517058e+01
3.000000000000000444e-01 2.977999999999627079e+01
3.500000000000000333e-01 3.309999999999931930e+01
4.000000000000000222e-01 3.578000000000324832e+01
4.500000000000000111e-01 3.956000000000844352e+01
5.000000000000000000e-01 4.320000000001144258e+01
5.500000000000000444e-01 4.778000000001780734e+01
6.000000000000000888e-01 5.548000000002921439e+01
6.500000000000000222e-01 6.402000000004365177e+01
7.000000000000000666e-01 7.544000000005816275e+01
7.500000000000000000e-01 9.356000000008317841e+01
8.000000000000000444e-01 1.269800000001186930e+02
8.500000000000000888e-01 1.745200000001194667e+02
9.000000000000000222e-01 -1.800000000013032508e+00
