0.000000000000000000e+00 1.134000000000987107e+01
5.000000000000000278e-02 2.633999999999949182e+01
1.000000000000000056e-01 2.644000000001671324e+01
1.500000000000000222e-01 2.789999999999999858e+01
2.000000000000000111e-01 2.551999999998351143e+01
2.500000000000000000e-01 2.431999999998864581e+01
3.000000000000000444e-01 3.064000000002459601e+01
3.500000000000000333e-01 2.290000000002783054e+01
4.000000000000000222e-01 2.853999999999999915e+01
4.500000000000000111e-01 5.567999999998051663e+01
5.000000000000000000e-01 4.913999999996960355e+01
5.500000000000000444e-01 4.848000000003352739e+01
6.000000000000000888e-01 4.084000000002566111e+01
6.500000000000000222e-01 2.896000000000000085e+01
7.000000000000000666e-01 2.473999999996911470e+01
7.500000000000000000e-01 1.542000000000145299e+01
8.000000000000000444e-01 1.741999999999010384e+01
8.500000000000000888e-01 1.240000000000869562e+01
9.000000000000000222e-01 4.799999999999999822e-01
