0.000000000000000000e+00 1.313599999998870089e+02
5.000000000000000278e-02 1.376600000001104434e+02
1.000000000000000056e-01 1.308999999999716124e+02
1.500000000000000222e-01 1.284199999999999875e+02
2.000000000000000111e-01 1.270400000000206404e+02
2.500000000000000000e-01 1.178799999999136645e+02
3.000000000000000444e-01 1.186400000000964923e+02
3.500000000000000333e-01 1.212599999999665101e+02
4.000000000000000222e-01 1.272600000000000051e+02
4.500000000000000111e-01 1.446000000000646253e+02
5.000000000000000000e-01 1.366799999998997066e+02
5.500000000000000444e-01 1.320400000001057492e+02
6.000000000000000888e-01 1.325799999999443344e+02
6.500000000000000222e-01 1.257199999999999989e+02
7.000000000000000666e-01 1.209400000000244830e+02
7.500000000000000000e-01 1.182999999998914831e+02
8.000000000000000444e-01 1.269800000001186930e+02
8.500000000000000888e-01 1.278200000000083918e+02
9.000000000000000222e-01 1.271400000000000006e+02
